01133 01036 89905 89935
51134 11037 89935 89970
51135 11038 89970 90010
51136 11039 90010 90055
51137 11040 90055 90300
51138 10041 90260 90025
51139 10042 90025 90075
51140 10043 90075 90130 
51141 10044 90130 90190
51142 10045 90190 90255
51143 10046 90255 90325
51144 10047 90325 90400
51145 10048 90400 90350
51146 10049 90350 90430
51147 10050 90430 90635
51148 10051 90635 90400
51149 10052 90400 90485
51150 10053 90485 90575
51151 10054 90575 90670
51152 10055 90670 90770
99999